1000107235
1000116005
1000132106
1000134174
1000157656
1000171097
1000171815
1000180298
1000181378
1000184327
1000185101
1000192162
1000192613
1000207360
1000217957
1000227284
1000242443
1000251692
1000265422
1000266975
1000268653
1000273607
1000288836
1000289489
1000309602
1000365848
1000367569
1000369655
1000370988
1000394698
1000400221
1000411975
1000428637
1000428790
1000446802
1000450119
1000459785
1000459786
1000459788
1000459789
1000459792
1000459795
1000460166
1000460170
1000460172
1000460175
1000460177
1000460179
1000460180
1000470238
1000470242
1000470247
1000470249
1000470250
1000483561
1000501526
1000515072
1000516616
1000523785
1000527654
1000535527
1000585832
1000614499
1000630207
1000636767
1000643409
1000648728
1000649135
1000652921
1000660523
1000667162
1000668752
1000711551
1000714974
1000720723
1000752773
1000759413
1000767179
1000773816
1000775410
1000784471
1000794233
1000794268
1000814303
1000837737
1000855521
1000864810
1000865682
1000867381
1000884482
1000884869
1000885176
1000891405
1000892632
1000893398
1000918018
1000932710
1000941933
1000951699
1000990111
1000995744
1001014323
1001028245
1001029420
1001040238
1001040240
1001040241
1001040242
1001040244
1001040246
1001040250
1001043992
1001046836
1001047628
1001063051
1001073533
1001103580
1001105042
1001105295
1001116492
1001131232
1001131387
1001143261
1001143400
1001164814
1001170588
1001203025
1001205550
1001206431
1001213168
1001215511
1001226340
1001238874
1001252232
1001257296
1001274167
1001282744
1001293412
1001293857
1001299417
1001305972
1001312389
1001312939
1001324721
1001328599
1001332134
1001345077
1001352622
1001355396
1001357425
1001359727
1001359852
1001366285
1001372465
1001409837
1001412742
1001413271
1001413807
1001420128
1001429312
1001431893
1001433781
1001439984
1001458658
1001460073
1001462473
1001464923
1001474019
1001483970
1001486593
1001495136
1001499009
1001510779
1001512176
1001537183
1001538082
1001542929
1001546836
1001562091
1001562795
1001574321
1001577079
1001583244
1001583594
1001585629
1001586478
1001596272
1001596474
1001605848
1001606283
1001611299
1001632795
1001640593
1001656209
1001659197
1001666610
1001705016
1001705232
1001706794
1001712561
1001715609
1001726825
1001734404
1001735821
1001744734
1001761086
1001761294
1001766824
1001789305
1001795008
1001795403
1001802436
1001803421
1001823221
1001823330
1001845707
1001848393
1001862148
1001867971
1001870394
1001882480
1001883245
1001894161
1001898698
1001905975
1001919963
1001921472
1001924486
1001934251
1001935404
1001936783
1001936941
1001966280
1001967287
1001976514
1001979156
1001986284
1001998966
1002006364
1002015176
1002024698
1002031571
1002037818
1002039606
1002046269
1002053039
1002055836
1002069475
1002080174
1002081044
1002115241
1002119452
1002127344
1002135025
1002139556
1002141629
1002142779
1002144826
1002156161
1002158377
1002158445
1002183052
1002194968
1002198358
1002216306
1002223179
1002225889
1002233452
1002240367
1002242027
1002247126
1002260164
1002262643
1002272149
1002274595
1002274975
1002278789
1002279600
1002281605
1002298567
1002308485
1002310535
1002325982
1002339368
1002352871
1002362247
1002370628
1002376651
1002394448
1002412810
1002416212
1002425835
1002448233
1002449517
1002459119
1002468119
1002477703
1002490832
1002491433
1002508042
1002520093
1002522738
1002523039
1002526087
1002529173
1002540604
1002546603
1002551332
1002573321
1002575988
1002577788
1002593416
1002598630
1002623605
1002629119
1002632213
1002638709
1002662947
1002663075
1002664174
1002666768
1002683638
1002696434
1002702168
1002711496
1002715588
1002719334
1002720154
1002729733
1002736192
1002737349
1002749070
1002755355
1002758536
1002769404
1002773534
1002779766
1002782056
1002792310
1002795833
1002799856
1002805081
1002810241
1002817236
1002842265
1002842423
1002849292
1002864881
1002871827
1002877008
1002884121
1002904417
1002907309
1002908890
1002912601
1002923135
1002925986
1002933761
1002939795
1002954008
1002960261
1002968624
1002976603
1002979675
1002999635
1003013913
1003019157
1003024787
1003040324
1003040715
1003041337
1003042690
1003045696
1003067453
1003081919
1003085710
1003096749
1003100529
1003102583
1003113553
1003124244
1003132616
1003139680
1003142395
1003145913
1003147064
1003148237
1003168201
1003178920
1003182608
1003183645
1003187910
1003195602
1003199605
1003213422
1003213640
1003218169
1003226074
1003226777
1003243437
1003253695
1003258748
1003269593
1003274992
1003275276
1003286181
1003287144
1003288015
1003288035
1003290029
1003290030
1003290031
1003290032
1003290033
1003290034
1003290035
1003290036
1003290037
1003294413
1003296716
1003309993
1003310361
1003319057
1003320707
1003329372
1003330894
1003354065
1003365383
1003376016
1003386169
1003387547
1003399526
1003400321
1003402891
1003411759
1003415590
1003451349
1003465575
1003479127
1003482505
1003486877
1003489911
1003510793
1003531193
1003532345
1003537137
1003537996
1003559890
1003564168
1003577981
1003583369
1003598196
1003610955
1003616000
1003620863
1003622166
1003628611
1003634329
1003647685
1003651388
1003653792
1003655040
1003660644
1003663299
1003663494
1003666088
1003669855
1003673688
1003675451
1003676035
1003684879
1003687260
1003693036
1003697783
1003703167
1003707273
1003716124
1003745509
1003748184
1003751013
1003765265
1003765398
1003765399
1003765400
1003765402
1003765406
1003765408
1003765883
1003773141
1003788988
1003790626
1003793462
1003797441
1003800702
1003805771
1003805936
1003807881
1003809848
1003819166
1003823323
1003823908
1003833874
1003845829
1003846135
1003847291
1003848702
1003849048
1003850135
1003862094
1003866892
1003867116
1003905645
1003919572
1003921666
1003923872
1003924089
1003925334
1003930346
1003939590
1003941737
1003945162
1003955417
1003961709
1003962554
1003965220
1003970875
1003980087
1003982802
1003987854
1003991208
1003991827
1003995495
1003995558
1004005824
1004006389
1004010872
1004021168
1004023848
1004024010
1004029424
1004034561
1004036702
1004040444
1004041679
1004042969
1004051226
1004052944
1004052970
1004053771
1004056194
1004059337
1004063167
1004074418
1004074843
1004082073
1004082760
1004087537
1004091160
1004092974
1004095083
1004106548
1004108631
1004108861
1004128097
1004131295
1004138028
1004145264
1004153630
1004163109
1004165033
1004166715
1004170175
1004174710
1004177545
1004180104
1004181651
1004182698
1004193133
1004205662
1004212012
1004217687
1004231305
1004237749
1004239529
1004240881
1004241405
1004241958
1004244131
1004255392
1004267841
1004268468
1004271369
1004279732
1004283430
1004290921
1004300947
1004304086
1004309696
1004310225
1004314354
1004320866
1004323731
1004323887
1004333904
1004343599
1004343702
1004344481
1004346975
1004350061
1004351014
1004355012
1004355043
1004361643
1004361931
1004369287
1004370584
1004384282
1004387594
1004403684
1004403966
1004406871
1004412178
1004422685
1004441650
1004450129
1004451905
1004454709
1004458211
1004461209
1004462621
1004462917
1004474028
1004474227
1004480741
1004492044
1004492259
1004493758
1004495275
1004497295
1004513821
1004514544
1004529496
1004533568
1004536087
1004539127
1004541006
1004542228
1004542392
1004544258
1004552709
1004562766
1004563962
1004568815
1004579712
1004584760
1004586292
1004586924
1004589006
1004613441
1004615252
1004617157
1004625866
1004631385
1004639052
1004645177
1004647446
1004649722
1004662599
1004662668
1004663060
1004664429
1004665347
1004667437
1004668390
1004670192
1004677739
1004679734
1004681863
1004687092
1004692432
1004694714
1004699757
1004701382
1004707671
1004710430
1004716753
1004717656
1004724828
1004726425
1004726742
1004727749
1004732819
1004737218
1004742250
1004743912
1004749342
1004761530
1004762179
1004782832
1004783111
1004785398
1004790786
1004792200
1004795364
1004808287
1004810734
1004816091
1004817403
1004819685
1004824052
1004828001
1004840724
1004840979
1004850210
1004854270
1004859836
1004892558
1004894212
1004896732
1004897400
1004898420
1004899776
1004902600
1004907270
1004910913
1004913366
1004913500
1004917431
1004918816
1004935344
1004936410
1004937404
1004942987
1004943767
1004950053
1004953038
1004964279
1004965213
1004975568
1004983766
1004988491
1005007978
1005008683
1005013480
1005014562
1005015384
1005017090
1005019159
1005023786
1005029034
1005035208
1005035527
1005035681
1005038770
1005042849
1005049113
1005052386
1005053171
1005054170
1005056492
1005069200
1005075227
1005082421
1005083754
1005088566
1005089741
1005090750
1005094415
1005105678
1005108442
1005110126
1005110765
1005115199
1005115902
1005117456
1005117490
1005118157
1005122631
1005124661
1005124998
1005132443
1005142534
1005144600
1005151140
1005153652
1005154265
1005154994
1005157113
1005165823
1005172539
1005174907
1005182062
1005185812
1005192678
1005201179
1005202251
1005202570
1005209446
1005210202
1005217162
1005217299
1005220397
1005231727
1005233753
1005234933
1005235746
1005237277
1005240002
1005244478
1005250655
1005254575
1005273170
1005286391
1005289311
1005298856
1005300343
1005303063
1005312609
1005318682
1005327210
1005327789
1005331973
1005332202
1005334860
1005335363
1005336471
1005336499
1005342488
1005345352
1005345801
1005346383
1005348136
1005348721
1005353031
1005353825
1005369933
1005370345
1005371284
1005374116
1005377991
1005380087
1005381466
1005390248
1005409310
1005413029
1005416056
1005421308
1005422508
1005427539
1005434963
1005436665
1005446434
1005447688
1005450981
1005451054
1005451162
1005463187
1005479224
1005482682
1005489786
1005491696
1005492000
1005492599
1005504677
1005505197
1005518879
1005518880
1005523472
1005523749
1005533835
1005537031
1005540041
1005543532
1005547780
1005548387
1005548433
1005563602
1005570847
1005573078
1005574976
1005575034
1005581324
1005584943
1005585913
1005598585
1005612029
1005613252
1005621818
1005625159
1005630067
1005630549
1005633322
1005635031
1005637798
1005640004
1005640656
1005650944
1005655458
1005659603
1005667556
1005681189
1005686407
1005687970
1005688460
1005695175
1005695498
1005698574
1005703015
1005705906
1005711920
1005712539
1005716483
1005717598
1005718147
1005721357
1005725116
1005726958
1005735443
1005739807
1005741386
1005742222
1005744216
1005746102
1005749908
1005753242
1005755795
1005755948
1005757687
1005759311
1005762602
1005774259
1005784252
1005784283
1005785275
1005788016
1005788171
1005788477
1005794068
1005795616
1005798117
1005800378
1005806761
1005817312
1005824897
1005826741
1005828009
1005834542
1005845983
1005850645
1005858534
1005858642
1005868645
1005871246
1005888608
1005888739
1005898421
1005899732
1005920253
1005924919
1005927265
1005928914
1005934827
1005948979
1005949664
1005950669
1005950698
1005953376
1005954184
1005958514
1005961003
1005964636
1005976230
1005980377
1005983564
1005983678
1005984699
1005985298
1005994033
1005996519
1006005659
1006007401
1006007437
1006008576
1006008583
1006008715
1006016418
1006018731
1006023557
1006026500
1006027355
1006037308
1006038849
1006039055
1006040335
1006043362
1006048570
1006051192
1006053013
1006054402
1006057311
1006057338
1006059201
1006060317
1006064727
1006064908
1006065851
1006066327
1006072933
1006074792
1006074910
1006076627
1006080301
1006080682
1006081947
1006082336
1006087550
1006090463
1006093293
1006096725
1006101220
1006103243
1006104108
1006106033
1006107589
1006116491
1006116922
1006119153
1006123781
1006130856
1006131855
1006141496
1006151468
1006152963
1006154461
1006156245
1006156462
1006159473
1006162248
1006164604
1006171752
1006173153
1006173408
1006177769
1006178168
1006178374
1006180263
1006183217
1006184511
1006184656
1006201414
1006203004
1006203761
1006203989
1006206908
1006214792
1006223487
1006229404
1006231659
1006240897
1006241642
1006241963
1006242349
1006246814
1006248617
1006250219
1006252507
1006257229
1006275860
1006277036
1006282345
1006283941
1006284195
1006293580
1006299902
1006304128
1006305200
1006309959
1006310357
1006318555
1006333034
1006334664
1006336215
1006337892
1006338602
1006347124
1006348832
1006350346
1006355420
1006355727
1006364491
1006366410
1006368202
1006372455
1006388806
1006389416
1006391301
1006391684
1006394125
1006398648
1006399782
1006407563
1006414169
1006417510
1006421044
1006428095
1006431930
1006432938
1006435651
1006437569
1006448733
1006450975
1006456631
1006469691
1006469877
1006478506
1006479039
1006481915
1006482882
1006483060
1006486068
1006488320
1006490149
1006490218
1006499884
1006505922
1006510635
1006513193
1006513410
1006519378
1006522384
1006532797
1006536051
1006541373
1006542547
1006545568
1006550409
1006550837
1006557878
1006559770
1006560378
1006572615
1006573656
1006578463
1006582235
1006582638
1006582810
1006585346
1006585863
1006591778
1006592804
1006593964
1006595176
1006599536
1006599921
1006606419
1006611736
1006612568
1006617982
1006625596
1006635547
1006643675
1006646456
1006647712
1006651347
1006652990
1006653763
1006654929
1006659526
1006667910
1006673975
1006677875
1006678231
1006679141
1006689155
1006695711
1006696721
1006696823
1006696932
1006696987
1006701569
1006701762
1006701816
1006706674
1006716686
1006717495
1006718633
1006722997
1006723386
1006728055
1006730899
1006732288
1006733629
1006735143
1006738799
1006740039
1006751506
1006752760
1006762175
1006763402
1006768837
1006769360
1006771353
1006774148
1006776463
1006782254
1006783774
1006785300
1006786005
1006787530
1006787770
1006788819
1006797875
1006799215
1006800416
1006805361
1006805969
1006807247
1006814040
1006815804
1006816928
1006817931
1006818684
1006819973
1006821100
1006822814
1006824029
1006824947
1006826555
1006829227
1006840606
1006852987
1006855752
1006861492
1006872503
1006872938
1006874238
1006878086
1006878626
1006879777
1006888596
1006892227
1006892617
1006901895
1006903935
1006910186
1006911020
1006912349
1006914463
1006915266
1006916120
1006916582
1006919536
1006921944
1006923937
1006928030
1006928255
1006930441
1006931353
1006943244
1006946477
1006949220
1006949558
1006950768
1006950920
1006956862
1006960237
1006965627
1006966988
1006970018
1006972612
1006972705
1006972913
1006975306
1006978045
1006978739
1006982022
1006983901
1006985322
1006985479
1006985975
1006985997
1006986136
1006986610
1006988206
1006989675
1006991245
1006993678
1006998552
1007002567
1007003070
1007003408
1007004367
1007004445
1007005717
1007006602
1007008624
1007010608
1007012044
1007013136
1007016540
1007016940
1007021017
1007021617
1007022964
1007023938
1007025357
1007025610
1007035900
1007036742
1007037450
1007039445
1007040268
1007048232
1007048787
1007053282
1007057542
1007060291
1007074326
1007076533
1007079383
1007082658
1007083529
1007087971
1007088073
1007089175
1007090284
1007092527
1007099909
1007102648
1007104240
1007108516
1007110605
1007111776
1007112853
1007112953
1007115180
1007115936
1007119044
1007125338
1007127981
1007129048
1007132104
1007134325
1007137085
1007140036
1007140930
1007146176
1007153296
1007154160
1007155603
1007157024
1007160510
1007165682
1007165708
1007168191
1007172488
1007172779
1007173467
1007178386
1007179838
1007179842
1007181121
1007182849
1007185631
1007186823
1007187375
1007190808
1007192428
1007200651
1007203410
1007203971
1007204598
1007205154
1007208011
1007210507
1007210771
1007213680
1007214353
1007222057
1007223240
1007223454
1007223718
1007226436
1007228408
1007228723
1007229183
1007229906
1007232804
1007234417
1007234611
1007236816
1007240231
1007241574
1007242019
1007242985
1007243332
1007244475
1007244931
1007251262
1007252927
1007254348
1007258369
1007259266
1007269224
1007273476
1007273888
1007276554
1007278083
1007279045
1007285093
1007287051
1007290857
1007291120
1007291759
1007296402
1007298827
1007300741
1007302656
1007304003
1007305781
1007312810
1007317388
1007318425
1007318445
1007318510
1007323845
1007325009
1007336480
1007340286
1007347099
1007348022
1007354008
1007354866
1007355045
1007358086
1007359838
1007359955
1007360185
1007364905
1007365097
1007365623
1007371701
1007372421
1007372885
1007373974
1007377985
1007378960
1007379551
1007379738
1007380944
1007381257
1007382271
1007384208
1007385194
1007385398
1007390873
1007393672
1007394776
1007408977
1007416524
1007417724
1007419131
1007422473
1007423524
1007424032
1007424409
1007427447
1007430105
1007432135
1007432204
1007434524
1007436291
1007442010
1007442300
1007442549
1007443266
1007443748
1007445893
1007447304
1007450485
1007455172
1007457012
1007458473
1007459902
1007460492
1007461516
1007462329
1007462515
1007465018
1007465453
1007467048
1007471930
1007473770
1007480386
1007483534
1007486764
1007488798
1007489622
1007494660
1007495232
1007501343
1007504941
1007505429
1007506822
1007507761
1007508936
1007509710
1007516074
1007518028
1007519640
1007522052
1007523540
1007528876
1007530183
1007530219
1007531776
1007533230
1007533929
1007535808
1007537791
1007538988
1007539013
1007539104
1007539368
1007539540
1007546407
1007552173
1007554987
1007556317
1007558786
1007559672
1007566522
1007566584
1007568827
1007569283
1007573197
1007573421
1007574947
1007576188
1007576225
1007578898
1007579069
1007580074
1007580203
1007582176
1007582557
1007584071
1007585234
1007588696
1007590288
1007590577
1007593320
1007595905
1007597890
1007598057
1007598876
1007608231
1007612492
1007615381
1007616329
1007618650
1007620935
1007623827
1007623971
1007624508
1007624757
1007626404
1007626667
1007627111
1007631104
1007631761
1007632264
1007632922
1007635644
1007640356
1007641552
1007642976
1007643034
1007645233
1007645357
1007648424
1007649363
1007650269
1007651806
1007653248
1007654427
1007654959
1007656143
1007659651
1007660801
1007660925
1007661128
1007662861
1007665680
1007666960
1007667598
1007667977
1007672375
1007674597
1007676653
1007676895
1007679529
1007680047
1007681848
1007685180
1007685764
1007685826
1007685926
1007690746
1007690916
1007691911
1007696756
1007697889
1007698769
1007698850
1007711392
1007711705
1007713268
1007714568
1007715023
1007715941
1007721657
1007723683
1007725669
1007725930
1007726532
1007728363
1007728841
1007730307
1007740475
1007740957
1007755380
1007756350
1007757328
1007757399
1007758928
1007759121
1007759459
1007760422
1007764242
1007772717
1007773069
1007773885
1007775197
1007776700
1007778749
1007779300
1007779823
1007780479
1007783441
1007785834
1007786444
1007786916
1007790542
1007795280
1007795842
1007796213
1007796445
1007797383
1007797476
1007798332
1007799207
1007799552
1007799836
1007800585
1007800749
1007807171
1007811885
1007814109
1007814112
1007814197
1007821600
1007823878
1007826837
1007829948
1007832420
1007832494
1007833284
1007834818
1007836577
1007837158
1007838622
1007842916
1007849642
1007850574
1007852648
1007855329
1007855981
1007857109
1007857691
1007857945
1007859320
1007859885
1007860554
1007862479
1007863599
1007863740
1007864335
1007867078
1007867395
1007870401
1007870471
1007872596
1007873505
1007875352
1007880560
1007886225
1007888558
1007893711
1007893920
1007894090
1007894328
1007896371
1007896379
1007898747
1007900027
1007900114
1007903764
1007906192
1007907895
1007909721
1007909896
1007914775
1007919143
1007919415
1007928705
1007929877
1007930584
1007933043
1007933576
1007938139
1007944783
1007950378
1007952961
1007959419
1007962385
1007962512
1007962764
1007964924
1007967306
1007974064
1007976800
1007978115
1007978134
1007979757
1007980255
1007980404
1007983989
1007986343
1007987900
1007989482
1007989547
1007991306
1007993069
1007993342
1007994056
1007995173
1007997344
1007998313
1008000565
1008010871
1008011827
1008012192
1008021871
1008023105
1008026458
1008026655
1008027723
1008029208
1008030931
1008034341
1008034403
1008034543
1008036122
1008039813
1008040983
1008041226
1008041828
1008045991
1008049870
1008050858
1008051946
1008053022
1008057210
1008058034
1008063879
1008067692
1008071098
1008071822
1008074788
1008075349
1008076194
1008076450
1008080858
1008082218
1008085187
1008086491
1008086735
1008087563
1008089525
1008091985
1008094074
1008095090
1008100621
1008101131
1008103544
1008103936
1008104645
1008105200
1008105418
1008105522
1008105587
1008107955
1008112268
1008113169
1008117605
1008118830
1008123405
1008123584
1008125234
1008125813
1008130576
1008131500
1008132656
1008134411
1008140530
1008145569
1008146867
1008147692
1008148173
1008149752
1008150201
1008150378
1008152380
1008154702
1008156009
1008157661
1008159225
1008159578
1008162687
1008163918
1008165892
1008166085
1008166242
1008167311
1008168504
1008171192
1008171569
1008173632
1008174206
1008174252
1008177154
1008178458
1008179210
1008179921
1008179952
1008180951
1008181743
1008185329
1008189759
1008190421
1008190616
1008191026
1008194078
1008194672
1008194752
1008196191
1008196962
1008198347
1008199527
1008202091
1008203964
1008205618
1008206058
1008206126
1008206802
1008208718
1008210516
1008210709
1008211741
1008211830
1008212497
1008213588
1008214244
1008214883
1008216041
1008218321
1008220074
1008227877
1008228051
1008228159
1008228352
1008229742
1008231311
1008234005
1008234150
1008241982
1008243888
1008244840
1008248218
1008248445
1008250280
1008251434
1008252089
1008252215
1008253366
1008253384
1008254421
1008254880
1008256104
1008256861
1008261669
1008263843
1008265407
1008265711
1008266568
1008266898
1008270130
1008270854
1008272553
1008273478
1008279062
1008280465
1008283660
1008284385
1008288937
1008289436
1008290279
1008290753
1008293428
1008297900
1008301228
1008303098
1008303249
1008304072
1008305752
1008307041
1008308978
1008309712
1008311565
1008312924
1008317912
1008320527
1008323668
1008324200
1008324552
1008328264
1008330182
1008330759
1008331372
1008331892
1008332383
1008335213
1008335411
1008335902
1008336258
1008337155
1008338508
1008338815
1008339018
1008339575
1008340720
1008341311
1008341319
1008342173
1008342539
1008349509
1008350188
1008350469
1008351308
1008352254
1008353316
1008353982
1008355839
1008358093
1008363999
1008365780
1008365791
1008367388
1008369755
1008369883
1008373165
1008374318
1008374464
1008375138
1008377771
1008379217
1008379322
1008379804
1008383279
1008386006
1008386647
1008386913
1008388823
1008393005
1008398976
1008399620
1008400344
1008401598
1008402446
1008403364
1008404545
1008404703
1008406019
1008406046
1008408525
1008408639
1008408813
1008411453
1008413796
1008414062
1008414313
1008415929
1008416211
1008420265
1008425854
1008425874
1008426509
1008426769
1008427407
1008428884
1008429101
1008432434
1008434710
1008436014
1008438677
1008439929
1008440204
1008441943
1008442696
1008445421
1008446801
1008447554
1008447738
1008448407
1008448841
1008449448
1008450129
1008450158
1008450537
1008452223
1008452380
1008453711
1008453925
1008454490
1008454636
1008455235
1008455508
1008455536
1008456073
1008456982
1008459691
1008459775
1008465793
1008466237
1008466887
1008470276
1008472488
1008472924
1008473667
1008474797
1008475610
1008476180
1008477028
1008478275
1008478311
1008479973
1008480637
1008481068
1008482387
1008482596
1008483056
1008483091
1008483579
1008484402
1008485376
1008485689
1008485814
1008485832
1008485958
1008486161
1008486551
1008488701
1008489112
1008490127
1008490922
1008497882
1008497883
1008497886
1008497887
1008497889
1008497890
1008497891
1008497892
1008497893
1008497894
1008497897
1008497898
1008498909
1008501427
1008501797
1008503726
1008505564
1008505739
1008506993
1008507628
1008508285
1008512325
1008517304
1008517837
1008517998
1008519031
1008519720
1008520396
1008520876
1008521339
1008524572
1008527311
1008531612
1008531936
1008532511
1008532871
1008534910
1008535388
1008538512
1008539203
1008539286
1008539670
1008539686
1008540445
1008540849
1008541252
1008542040
1008542760
1008543413
1008543640
1008543692
1008547818
1008548911
1008549394
1008550796
1008551171
1008551835
1008554986
1008557265
1008557514
1008557890
1008560085
1008561128
1008563117
1008563340
1008564656
1008565016
1008565942
1008566221
1008567070
1008567764
1008569063
1008572466
1008572686
1008573287
1008575318
1008575490
1008576827
1008577710
1008577976
1008578471
1008578582
1008579258
1008580116
1008580436
1008581083
1008582377
1008585790
1008586052
1008587827
1008587864
1008589850
1008590760
1008591410
1008591768
1008592921
1008593020
1008594905
1008595379
1008596989
1008598649
1008600153
1008602220
1008603791
1008607043
1008607243
1008608362
1008610250
1008610646
1008611490
1008612637
1008612955
1008613055
1008613754
1008616357
1008617321
1008617911
1008619226
1008620516
1008620833
1008621962
1008622967
1008622996
1008623796
1008624334
1008624668
1008625003
1008625125
1008625198
1008627250
1008627412
1008627455
1008628537
1008628681
1008628942
1008629087
1008631115
1008634652
1008638006
1008638012
1008638065
1008638728
1008638823
1008640668
1008640729
1008643431
1008644372
1008644465
1008646018
1008646624
1008646717
1008647717
1008648730
1008648745
1008649408
1008650640
1008650842
1008653844
1008653975
1008656550
1008657406
1008659808
1008660170
1008662111
1008662292
1008662330
1008665343
1008666111
1008667191
1008667318
1008668011
1008669002
1008669109
1008669858
1008670632
1008671965
1008674021
1008676948
1008677616
1008679578
1008679607
1008679703
1008680217
1008680236
1008681013
1008681270
1008681782
1008682037
1008682596
1008682609
1008683116
1008683201
1008683256
1008683651
1008683764
1008683926
1008684013
1008684669
1008685609
1008685730
1008686552
1008688899
1008688984
1008689494
1008689545
1008690356
1008690481
1008690559
1008694602
1008694695
1008695751
1008696001
1008696872
1008698541
1008699473
1008700173
1008701512
1008701709
1008702559
1008703393
1008704762
1008705136
1008705411
1008706048
1008707572
1008707734
1008708290
1008708755
1008710020
1008710672
1008712910
1008713044
1008713259
1008713718
1008714090
1008714193
1008714515
1008714838
1008714930
1008715439
1008715515
1008717014
1008717311
1008720514
1008720905
1008721213
1008722336
1008722655
1008724117
1008724764
1008725045
1008725861
1008728164
1008728759
1008729240
1008729863
1008732132
1008732235
1008732788
1008733212
1008734677
1008734724
1008739306
1008739706
1008741763
1008742159
1008742248
1008743568
1008744219
1008746373
1008746582
1008746706
1008752232
1008752585
1008754043
1008754293
1008757593
1008758115
1008759457
1008761170
1008762429
1008762946
1008763473
1008763756
1008764090
1008764178
1008764403
1008765204
1008765922
1008766712
1008766998
1008768020
1008768023
1008768025
1008768026
1008768027
1008768028
1008768030
1008768033
1008768608
1008771526
1008771652
1008771937
1008772079
1008772090
1008772961
1008773243
1008774005
1008774109
1008774401
1008774639
1008776150
1008777041
1008777228
1008779430
1008779983
1008780697
1008781084
1008781756
1008784596
1008787934
1008788341
1008788495
1008788934
1008789187
1008789643
1008793039
1008793218
1008795995
1008796790
1008797007
1008797162
1008798833
1008799609
1008801979
1008802019
1008802445
1008803330
1008804445
1008805751
1008806981
1008807139
1008809000
1008809025
1008809050
1008809095
1008809179
1008809734
1008810330
1008811358
1008811734
1008813582
1008813825
1008816975
1008817457
1008820906
1008821147
1008821311
1008824787
1008824876
1008824899
1008825016
1008825174
1008825832
1008826379
1008826638
1008826903
1008827078
1008827706
1008828530
1008828597
1008829741
1008830171
1008830980
1008831345
1008831681
1008832700
1008834035
1008834705
1008834823
1008834982
1008835454
1008835876
1008835889
1008836712
1008837567
1008837841
1008838210
1008838649
1008838937
1008839739
1008840214
1008840308
1008840847
1008841230
1008842040
1008842863
1008843019
1008844391
1008845760
1008846376
1008847551
1008848274
1008848502
1008850406
1008850746
1008850969
1008851541
1008854249
1008855157
1008858802
1008859492
1008860129
1008861176
1008861773
1008862033
1008862106
1008862406
1008862742
1008862874
1008863609
1008863811
1008864261
1008864678
1008865154
1008865735
1008866620
1008868092
1008868143
1008868564
1008868600
1008869006
1008869190
1008869497
1008869773
1008871532
1008871815
1008871977
1008872963
1008873132
1008873847
1008875149
1008875382
1008876516
1008876543
1008877504
1008878117
1008878205
1008878241
1008878478
1008878996
1008879111
1008879159
1008879216
1008879465
1008879995
1008880267
1008880374
1008880470
1008881262
1008881835
1008882405
1008882934
1008883072
1008883430
1008884026
1008885206
1008885441
1008887866
1008889049
1008889616
1008889888
1008890052
1008890120
1008890515
1008891473
1008892938
1008893276
1008893958
1008893969
1008894409
1008894639
1008897238
1008897625
1008899029
1008899679
1008899938
1008901673
1008902589
1008903785
1008906217
1008906560
1008907911
1008908404
1008908788
1008908954
1008909072
1008909588
1008909679
1008910664
1008911102
1008912635
1008913405
1008913470
1008914896
1008915083
1008919547
1008919574
1008925752
1008925848
1008929104
1008929142
1008929173
1008929357
1008930009
1008931846
1008933244
1008934407
1008935267
1008935437
1008937313
1008937981
1008938388
1008938448
1008938511
1008938849
1008939403
1008940358
1008940814
1008941344
1008942847
1008942909
1008942972
1008943214
1008944149
1008946190
1008946559
1008946637
1008948459
1008949264
1008949441
1008950323
1008950477
1008950926
1008955756
1008956723
1008956815
1008957745
1008958545
1008958857
1008959088
1008961233
1008963248
1008963374
1008964222
1008965377
1008965861
1008967679
1008969557
1008970504
1008971717
1008972535
1008975061
1008975929
1008976204
1008977219
1008977589
1008978022
1008978118
1008979101
1008979239
1008980686
1008981257
1008982812
1008983393
1008983867
1008984082
1008984979
1008985134
1008985266
1008985467
1008986580
1008990169
1008990259
1008991165
1008991575
1008992018
1008992637
1008993110
1008993954
1008994688
1008995253
1008996982
1008997606
1008998441
1008999002
1008999355
1008999470
1008999728
1009002227
1009004744
1009006598
1009008279
1009008743
1009008793
1009009045
1009009058
1009009266
1009009619
1009010713
1009012839
1009013305
1009014852
1009014951
1009015893
1009017816
1009018672
1009019830
1009020829
1009021061
1009021926
1009022620
1009023871
1009024271
1009025790
1009026228
1009026851
1009027024
1009027078
1009027393
1009027483
1009027501
1009027517
1009027577
1009028602
1009028756
1009029334
1009029570
1009030735
1009030845
1009032286
1009034419
1009034794
1009035290
1009039599
1009039706
1009040228
1009040734
1009040800
1009041493
1009042044
1009042267
1009042686
1009042766
1009043313
1009043673
1009043973
1009044550
1009046253
1009046520
1009047334
1009047495
1009047657
1009048261
1009049350
1009050165
1009050399
1009050769
1009051367
1009056577
1009056786
1009057618
1009058757
1009061134
1009061482
1009063709
1009063822
1009064197
1009064775
1009064784
1009065074
1009067041
1009067156
1009067617
1009068123
1009068537
1009068628
1009068649
1009070386
1009071497
1009071601
1009071927
1009072016
1009072791
1009072846
1009073752
1009073840
1009074714
1009075038
1009075887
1009076074
1009076204
1009076353
1009076561
1009076564
1009076605
1009076774
1009076847
1009077045
1009077328
1009077340
1009077397
1009077768
1009077847
1009077854
1009078104
1009078282
1009078683
1009079000
1009079252
1009079276
1009079416
1009079565
1009079596
1009079624
1009080010
1009080052
1009080457
1009080943
1009081141
1009081872
1009082470
1009083197
1009083661
1009084166
1009086625
1009086990
1009088355
1009089723
1009089869
1009091660
1009092823
1009093230
1009093485
1009093579
1009094201
1009094718
1009095956
1009096025
1009096451
1009096524
1009096800
1009098104
1009098671
1009099365
1009100594
1009101846
1009101852
1009101958
1009102092
1009102871
1009103437
1009104827
1009108280
1009108394
1009108510
1009109208
1009109989
1009110292
1009110649
1009110983
1009111350
1009112335
1009112549
1009113243
1009113588
1009113664
1009115720
1009116614
1009116915
1009119572
1009120923
1009121979
1009122474
1009123133
1009123754
1009126362
1009126921
1009127581
1009128072
1009128639
1009128721
1009128975
1009130282
1009130569
1009131078
1009131564
1009133718
1009135534
1009135752
1009136818
1009137057
1009137679
1009138174
1009138617
1009139484
1009140593
1009140786
1009141321
1009141548
1009141777
1009142133
1009143890
1009143952
1009146269
1009146812
1009146949
1009146986
1009147066
1009147891
1009147907
1009148103
1009149488
1009150166
1009151973
1009152675
1009153051
1009157388
1009157480
1009157953
1009158118
1009158208
1009159837
1009161154
1009162277
1009163411
1009164198
1009165375
1009165597
1009166688
1009166714
1009168085
1009168345
1009169016
1009169588
1009171668
1009172023
1009172849
1009173863
1009174507
1009175409
1009175446
1009175679
1009175821
1009175826
1009177515
1009177819
1009178152
1009178254
1009181019
1009181734
1009182001
1009182319
1009182766
1009183115
1009183699
1009183958
1009184068
1009184318
1009184806
1009184828
1009184960
1009187520
1009187771
1009188265
1009189417
1009189574
1009190884
1009191312
1009192143
1009192719
1009193245
1009193618
1009194703
1009195666
1009195831
1009197060
1009199236
1009199935
1009200578
1009201037
1009201899
1009202153
1009203052
1009203087
1009203161
1009203779
1009204830
1009204881
1009204965
1009205536
1009208789
1009208794
1009208885
1009210343
1009210745
1009210948
1009211549
1009212367
1009214675
1009216104
1009216193
1009218130
1009220823
1009220954
1009221305
1009221328
1009221478
1009223231
1009223566
1009223719
1009224903
1009224952
1009225714
1009226199
1009226228
1009226529
1009226663
1009226785
1009227277
1009227947
1009228114
1009233074
1009233733
1009235660
1009236904
1009238569
1009238922
1009239584
1009239792
1009239869
1009240931
1009241339
1009241475
1009241803
1009242180
1009242437
1009242832
1009243011
1009244408
1009245164
1009245919
1009246493
1009246739
1009246870
1009246948
1009247711
1009249622
1009251531
1009252369
1009253299
1009253306
1009253524
1009253638
1009254213
1009254462
1009255025
1009256528
1009257393
1009257639
1009258533
1009258990
1009259065
1009259757
1009260110
1009260164
1009260739
1009261591
1009261634
1009261847
1009262520
1009264081
1009264183
1009264376
1009264761
1009265019
1009267081
1009267817
1009267976
1009268278
1009268393
1009268566
1009269228
1009269381
1009269412
1009269609
1009269917
1009270103
1009270541
1009270608
1009270713
1009271347
1009272131
1009272241
1009272825
1009274504
1009274768
1009275016
1009275143
1009275270
1009275524
1009275566
1009275673
1009275727
1009275798
1009275853
1009275998
1009276049
1009276276
1009276500
1009276845
1009276858
1009276964
1009277056
1009277072
1009277127
1009277146
1009277370
1009277461
1009277535
1009277545
1009277562
1009277615
1009277772
1009278056
1009278059
1009278109
1009278198
1009278310
1009278676
1009278711
1009278737
1009278920
1009278981
1009279003
1009279033
1009279276
1009279312
1009279356
1009279598
1009279874
1009279945
1009279952
1009280332
1009280371
1009280788
1009280794
1009280844
1009280961
1009280975
1009280986
1009280987
1009281031
1009281345
1009281371
1009281528
1009281533
1009281649
1009281767
1009283096
1009283876
1009283918
1009284101
1009284153
1009284377
1009285037
1009285368
1009288891
1009289533
1009290495
1009291970
1009292613
1009292768
1009293614
1009294103
1009294128
1009294340
1009294906
1009295470
1009295808
1009296789
1009297791
1009298157
1009298216
1009298929
1009299161
1009299845
1009300424
1009300594
1009301137
1009301738
1009302256
1009304007
1009304458
1009304625
1009307765
1009308638
1009309594
1009310589
1009311305
1009311546
1009313828
1009313871
1009314164
1009314330
1009314395
1009314745
1009314945
1009315436
1009315610
1009315921
1009316646
1009317253
1009317515
1009317912
1009318495
1009318946
1009320184
1009320384
1009320410
1009321722
1009322089
1009322859
1009323009
1009323410
1009324303
1009327138
1009327184
1009327334
1009327340
1009327720
1009329257
1009329581
1009329629
1009329867
1009332039
1009332192
1009332590
1009333602
1009334650
1009334745
1009336523
1009336636
1009337255
1009337520
1009338283
1009338872
1009339528
1009339567
1009340188
1009340595
1009340803
1009343968
1009344150
1009345166
1009345618
1009346755
1009346884
1009347531
1009348604
1009349128
1009351557
1009351832
1009352032
1009352655
1009353858
1009354059
1009354639
1009355360
1009356193
1009356765
1009357428
1009357880
1009358909
1009358969
1009359514
1009360660
1009361665
1009362163
1009362343
1009362695
1009363506
1009363963
1009364248
1009365342
1009365413
1009366184
1009367150
1009368530
1009370425
1009371539
1009373099
1009374833
1009375684
1009376186
1009376791
1009376944
1009377550
1009377680
1009380010
1009380525
1009381086
1009381670
1009382467
1009384948
1009385279
1009385515
1009385927
1009386297
1009386801
1009387227
1009387403
1009387462
1009388520
1009389546
1009389640
1009390616
1009391339
1009393124
1009393793
1009394022
1009394155
1009394479
1009394544
1009395230
1009395402
1009397438
1009397718
1009397775
1009397838
1009398145
1009398539
1009398729
1009400217
1009400247
1009401213
1009401534
1009401770
1009401785
1009402914
1009404137
1009404981
1009405987
1009408724
1009411752
1009412201
1009412941
1009413614
1009414496
1009414811
1009415138
1009415527
1009415564
1009417833
1009418303
1009418620
1009418860
1009419284
1009420023
1009420360
1009420496
1009421627
1009422130
1009422307
1009422794
1009422952
1009423150
1009423474
1009423643
1009423653
1009423871
1009424833
1009425457
1009426612
1009426617
1009427775
1009427806
1009428423
1009428683
1009428975
1009429877
1009430457
1009430549
1009431082
1009431602
1009432485
1009433492
1009433617
1009433957
1009433988
1009434094
1009434888
1009436412
1009436593
1009436826
1009436955
1009437421
1009437821
1009438349
1009439480
1009439909
1009439915
1009441355
1009442014
1009442482
1009442603
1009442863
1009444665
1009444744
1009445332
1009445337
1009445385
1009445921
1009446154
1009446321
1009446335
1009446345
1009446474
1009446582
1009447869
1009448889
1009448907
1009449048
1009449316
1009449985
1009450760
1009450961
1009451152
1009451624
1009451946
1009452561
1009452642
1009452704
1009452915
1009452999
1009453368
1009455641
1009455957
1009456351
1009456372
1009456728
1009456859
1009457126
1009457199
1009457855
1009457858
1009458864
1009458902
1009459207
1009459333
1009459476
1009459948
1009460042
1009460274
1009460411
1009460625
1009460650
1009460719
1009460766
1009460880
1009461441
1009461637
1009461775
1009461934
1009462054
1009462287
1009462304
1009462448
1009462462
1009462496
1009462545
1009462911
1009462955
1009463039
1009463042
1009463092
1009463132
1009463156
1009463506
1009463895
1009463970
1009464067
1009464702
1009464814
1009465136
1009465152
1009465154
1009465243
1009465420
1009465788
1009466048
1009466082
1009466112
1009466213
1009466325
1009466357
1009466364
1009466419
1009466459
1009466549
1009467275
1009467357
1009467428
1009467620
1009467724
1009468278
1009468869
1009469069
1009469116
1009469232
1009469511
1009469522
1009469577
1009469772
1009469920
1009470605
1009471131
1009471192
1009471195
1009471361
1009471548
1009472033
1009472230
1009472406
1009472575
1009472650
1009472939
1009473065
1009473080
1009473348
1009473362
1009473469
1009473915
1009474242
1009474371
1009474543
1009474584
1009474723
1009474730
1009474866
1009475036
1009475167
1009475189
1009475341
1009475517
1009475819
1009476207
1009476340
1009476403
1009476620
1009476746
1009476840
1009476901
1009477044
1009477441
1009477464
1009477699
1009477759
1009477800
1009477836
1009477901
1009477934
1009477951
1009477990
1009478005
1009478024
1009478061
1009478064
1009478088
1009478132
1009478133
1009478139
1009478143
1009478145
1009478185
1009478191
1009478195
1009478208
1009478227
1009478240
1009478256
1009478271
1009478283
1009478284
1009478292
1009478314
1009478325
1009478333
1009478338
1009478340
1009478347
1009478364
1009478365
1009478366
1009478373
1009478374
1009478382
1009478397
1009478408
1009478409
1009478412
1009478425
1009478440
1009478462
1009478485
1009478491
1009478498
1009478503
1009478522
1009478531
1009478533
1009478535
1009478542
1009478548
1009478549
1009478575
1009478585
1009478595
1009478598
1009478606
1009478613
1009478616
1009478628
1009478636
1009478655
1009478656
1009478670
1009478673
1009478683
1009478718
1009478725
1009478748
1009478752
1009478759
1009478760
1009478763
1009478766
1009478799
1009478812
1009478823
1009478832
1009478846
1009478858
1009478860
1009478883
1009478891
1009478898
1009478905
1009478912
1009478921
1009478924
1009478936
1009478961
1009478987
1009478989
1009478995
1009479006
1009479012
1009479025
1009479031
1009479034
1009479051
1009479052
1009479099
1009479100
1009479111
1009479116
1009479117
1009479146
1009479157
1009479160
1009479163
1009479167
1009479168
1009479169
1009479174
1009479179
1009479186
1009479193
1009479197
1009479211
1009479213
1009479215
1009479220
1009479252
1009479253
1009479254
1009479264
1009479276
1009479301
1009479310
1009479313
1009479338
1009479340
1009479341
1009479342
1009479360
1009479366
1009479368
1009479371
1009479373
1009479407
1009479429
1009479436
1009479441
1009479454
1009479474
1009479486
1009479507
1009479514
1009479517
1009479524
1009479528
1009479534
1009479544
1009479562
1009479563
1009479566
1009479571
1009479579
1009479593
1009479626
1009479630
1009479632
1009479647
1009479667
1009479680
1009479685
1009479688
1009479692
1009479698
1009479716
1009479721
1009479724
1009479744
1009479749
1009479764
1009479775
1009479777
1009479781
1009479790
1009479793
1009479805
1009479815
1009479817
1009479826
1009479829
1009479839
1009479842
1009479874
1009479880
1009479884
1009479893
1009479900
1009479901
1009479916
1009479917
1009479925
1009479934
1009479936
1009479939
1009479947
1009479952
1009479957
1009479964
1009479976
1009479996
1009479997
1009480035
1009480037
1009480039
1009480075
1009480093
1009480103
1009480118
1009480119
1009480124
1009480147
1009480153
1009480154
1009480160
1009480190
1009480210
1009480219
1009480235
1009480250
1009480253
1009480255
1009480261
1009480269
1009480273
1009480297
1009480300
1009480311
1009480352
1009480357
1009480361
1009480377
1009480386
1009480390
1009480395
1009480396
1009480401
1009480414
1009480427
1009480431
1009480432
1009480439
1009480441
1009480448
1009480454
1009480476
1009480478
1009480488
1009480506
1009480508
1009480521
1009480531
1009480542
1009480550
1009480600
1009480601
1009480633
1009480653
1009480679
1009480681
1009480723
1009480775
1009480794
1009480802
1009480808
1009480816
1009480857
1009480859
1009480864
1009480893
1009480899
1009480900
1009480901
1009480908
1009480924
1009480940
1009480964
1009480979
1009480988
1009480989
1009480993
1009481011
1009481037
1009481041
1009481048
1009481049
1009481055
1009481062
1009481069
1009481073
1009481095
1009481096
1009481097
1009481126
1009481146
1009481147
1009481149
1009481178
1009481191
1009481203
1009481209
1009481214
1009481224
1009481229
1009481243
1009481247
1009481274
1009481279
1009481312
1009481321
1009481325
1009481326
1009481333
1009481338
1009481340
1009481343
1009481346
1009481352
1009481356
1009481367
1009481381
1009481385
1009481386
1009481390
1009481394
1009481405
1009481413
1009481431
1009481434
1009481438
1009481440
1009481441
1009481448
1009481466
1009481479
1009481484
1009481489
1009481497
1009481500
1009481510
1009481514
1009481520
1009481544
1009481559
1009481560
1009481561
1009481579
1009481615
1009481618
1009481620
1009481625
1009481632
1009481634
1009481690
1009481711
1009481716
1009481721
1009481727
1009481737
1009481760
1009481783
1009481791
1009481796
1009481800
1009481806
1009481812
1009481831
1009481835
1009481843
1009481849
1009481866
1009481867
1009481873
1009481906
1009481925
1009481939
1009481952
1009481971
1009481995
1009482032
1009482034
1009482047
1009482065
1009482073
1009482098
1009482103
1009482113
1009482117
1009482134
1009482136
1009482151
1009482203
1009482204
1009482206
1009482212
1009482215
1009482218
1009482237
1009482269
1009482312
1009482342
1009482345
1009482370
1009482397
1009482399
1009482423
1009482431
1009482436
1009482441
1009482477
1009482529
1009482543
1009482544
1009482545
1009482551
1009482582
1009482586
1009482601
1009482603
1009482623
1009482627
1009482637
1009482647
1009482665
1009482711
1009482717
1009482722
1009482793
1009482847
1009482871
1009482884
1009482899
1009482938
1009482945
1009482947
1009482983
1009483042
1009483045
1009483054
1009483058
1009483066
1009483076
1009483117
1009483119
1009483120
1009483125
1009483170
1009483173
1009483175
1009483179
1009483189
1009483220
1009483224
1009483228
1009483229
1009483233
1009483245
1009483271
1009483282
1009483293
1009483298
1009483302
1009483324
1009483348
1009483353
1009483382
1009483399
1009483410
1009483419
1009483444
1009483445
1009483457
1009483468
1009483475
1009483487
1009483492
1009483506
1009483507
1009483568
1009483582
1009483596
1009483597
1009483598
1009483606
1009483681
1009483686
1009483697
1009483701
1009483703
1009483725
1009483794
1009483798
1009483830
1009483840
1009483849
1009483866
1009483890
1009483891
1009483900
1009483907
1009483917
1009483931
1009483947
1009483952
1009483957
1009483971
1009483981
1009483983
1009483985
1009483995
1009484024
1009484055
1009484060
1009484065
1009484080
1009484089
1009484091
1009484134
1009484161
1009484172
1009484191
1009484193
1009484207
1009484225
1009484239
1009484244
1009484256
1009484262
1009484264
1009484272
1009484279
1009484292
1009484304
1009484348
1009484355
1009484382
1009484385
1009484394
1009484441
1009484442
1009484488
1009484499
1009484503
1009484581
1009484584
1009484605
1009484612
1009484634
1009484667
1009484693
1009484694
1009484716
1009484722
1009484727
1009484739
1009484758
1009484767
1009484775
1009484784
1009484785
1009484792
1009484817
1009484856
1009484858
1009484869
1009484892
1009484913
1009484966
1009485006
1009485050
1009485135
1009485156
1009485190
1009485246
1009485254
1009485299
1009485361
1009485373
1009485384
1009485428
1009485456
1009485470
1009485508
1009485538
1009485582
1009485594
1009485625
1009485712
16245199
22035081
30040396
52549270
660229702
661138653
661793592
661922995
662150108
662198666
663306403
663668920
664382384
666051071
666104576
667344215
667673450
667684877
667684878
667684879
667684880
667684902
667684906
667684924
668244522
669511579
669762405
670744731
671269246
671411813
671815461
672137992
672635867
672664461
672929276
672943579
672967806
673032933
673615467
673709214
674562280
674734911
674769626
674887331
675066308
675098528
675305139
675378687
675766227
675843246
675850991
675960980
676320003
676406138
676839514
677071779
677162544
677328286
677346961
677401649
677697052
677758004
677802822
678418230
678532011
678678129
678827684
678975693
679013084
679095373
679349497
679600138
679739793
679951882
679965343
680082169
680219907
680312138
680378298
680407906
680499086
680637424
681064281
681153746
681205489
681237932
681243809
681280089
681411635
681461295
681551371
681771886
681776147
681917324
681976404
682004955
682004956
682004958
682004959
682004960
682004961
682004966
682043973
682422796
682542050
682658427
682818765
683143388
683285116
683326230
683402081
683411590
683444983
683517161
683574594
683615250
683654603
683737662
683760612
683787662
683837276
683861038
683932914
683966581
683966585
683966588
683966595
683966597
683974495
683974503
683987584
684069128
684109790
684234084
684237290
684337374
684354891
684354892
684354903
684354905
684584345
684617554
684714108
684877079
685175893
685287649
685370209
685416702
685455516
685482551
685513671
685618231
685791591
685819397
685860184
685900651
685965680
686039128
686041913
686119052
686155535
686161430
686369586
686511441
686528518
686580012
686607788
686612368
686695551
686802465
686938394
686999059
687005453
687006323
687024353
687036796
687086114
687108273
687294640
687295056
687387602
687445202
687504957
687600535
687655218
687747573
687778023
687823833
687831069
687901235
687979107
687980580
688044681
688054528
688070600
688265080
688265081
688265082
688265083
688279611
688281989
688359553
688366495
688424164
688483072
688547615
688573836
688596679
688736717
688773919
688886254
688966496
689014446
689041255
689100900
689162488
689196235
689196236
689196239
689196240
689262271
689303009
689333909
689348465
689421917
689422965
689451892
689561425
689771736
689794881
689794975
689814778
689817188
690035714
690181755
690188081
690477063
690505212
690556409
690593882
690605747
690674684
690711360
690863293
690889884
690900794
690925593
690934971
690938163
690941169
690947013
690948909
690966525
690967027
690980455
691016156
691025889
691029611
691045873
691064914
691103317
691145698
691160186
691215278
691218190
691219217
691241327
691243969
691263350
691353995
691388488
691392257
691460992
691501082
691502397
691547873
691555592
691558967
691635269
691661879
691667310
691674193
691701608
691702884
691717315
691736487
691746802
691748524
691752892
691753360
691778115
691870903
691903258
691945872
691946871
691970836
692000821
692075027
692083801
692185353
692200400
692311842
692324023
692365483
692373081
692382593
692423118
692481927
692483479
692586693
692614246
692646453
692648769
692655321
692695173
692726194
692834280
692834511
692957829
692969684
692979947
692986233
693004587
693037452
693039987
693041849
693094334
693155897
693176564
693200885
693220385
693237700
693272971
693275666
693295724
693380420
693394706
693437595
693453264
693469328
693472797
693490902
693514728
693521242
693538073
693560856
693657118
693661702
693723812
693741978
693745772
693748355
693785775
693831676
693873977
693880293
693905663
693915655
693942370
693965037
694031879
694038919
694049747
694063948
694069618
694125478
694127769
694149472
694253095
694293842
694364675
694490872
694553545
694562999
694568636
694590035
694619391
694622514
694628456
694631794
694650490
694650865
694691168
694692491
694757301
694760954
694766648
694767900
694808644
694829463
694866617
694897709
694940167
694960352
695098547
695147894
695159275
695245323
695279072
695285067
695321848
695343944
695393067
695394991
695394993
695396925
695417371
695504426
695514750
695519625
695558974
695567153
695599266
695607607
695635515
695657733
695696525
695746424
695770079
695771261
695793960
695871504
695911765
695947729
696034411
696106344
696106951
696128241
696167280
696170758
696196985
696206849
696273590
696276656
696293781
696367679
696426287
696467927
696482911
696584251
696645721
696658425
696701166
696701698
696801014
696830401
696845684
696877235
696899929
696984358
696987654
697008698
697013096
697033724
697036855
697037324
697049340
697056523
697110540
697123198
697173668
697192534
697217182
697229320
697243538
697252712
697259410
697315784
697337119
697370568
697400495
697409886
697426567
697429515
697498566
697506825
697546174
697549968
697556786
697593336
697610508
697611335
697613415
697620896
697645240
697697724
697697746
697699068
697762517
697781258
697810383
697811070
697828870
697896835
697913918
697957410
697963803
697981714
697985082
698012290
698028533
698062085
698172105
698177946
698178110
698196444
698286918
698339067
698339528
698358923
698361054
698369668
698369910
698390953
698391310
698428127
698457025
698465360
698516073
698527909
698528466
698535596
698583419
698590467
698591127
698598962
698639436
698664466
698720350
698721161
698788818
698810974
698859136
698876082
698878676
698892366
698899125
698916253
698924710
698948985
698963068
699000439
699057359
699057784
699070071
699171233
699202766
699220011
699220012
699220013
699220014
699220015
699220017
699220018
699237425
699256434
699278233
699285081
699303907
699335018
699340562
699357835
699380195
699403089
699446023
699447648
699448265
699465356
699482655
699498652
699498798
699508306
699533979
699537867
699563093
699591037
699652448
699675064
699702293
699706668
699738075
699766481
699795671
699799374
699805675
699813579
699824393
699879827
699890921
699929617
699934989
699947687
699954160
760005196
760007604
760018874
760048895
760051028
760072198
760075937
760098523
760159201
760166761
760184620
760188678
760234656
760235170
760236631
760239828
760244259
760394405
760405274
760409971
760410519
760430009
760439303
760448168
760448208
760456153
760471954
760492800
760495313
760500150
760502194
760531398
760555453
760558707
760563789
760564041
760567937
760576104
760611471
760620991
760703357
760706036
760723787
760725346
760732629
760775298
760777937
760781007
760786058
760787010
760828192
760837402
760838494
760852300
760861521
760891853
760908438
760910674
760963248
761013944
761017620
761026548
761034090
761042639
761043875
761044014
761055764
761082788
761090062
761122484
761125067
761126085
761141362
761145050
761146526
761182275
761202226
761204246
761204420
761219879
761231222
761233052
761242672
761248492
761269543
761272339
761277513
761284657
761323429
761331624
761356421
761357768
761370210
761383363
761388879
761398141
761441182
761452389
761454021
761454262
761486039
761492814
761493740
761495808
761531167
761534248
761534362
761535540
761560129
761562411
761580157
761584113
761595036
761636727
761642401
761643071
761659463
761675358
761680342
761719959
761723655
761729819
761733900
761737583
761779065
761780597
761804582
761813183
761826930
761847531
761850706
761868310
761893367
761893394
761894334
761914095
761936143
761970230
761977055
762020195
762030746
762032442
762049476
762063428
762064078
762066667
762067889
762071831
762072546
762073447
762075897
762077376
762078099
762101021
762103540
762112539
762115454
762128807
762144190
762146327
762146482
762149450
762150054
762173265
762179394
762182109
762182113
762182164
762183241
762183727
762195043
762235511
762239264
762254210
762256262
762256361
762266736
762306888
762323432
762323682
762324224
762324292
762345712
